Eigenvalue bounds: [-9014678745.643297, 211874080895.923004]
8866923878.851686
142469891135.007935
149288900305.731750
156767378165.807556
166795317340.958344
177471873865.662872
186371875374.871063
192398337661.268585
195926916041.663391
197819551768.774963
198787162327.256348
199269729883.881744
199507418281.468536
199623773506.291290
199680561136.339752
199708235760.354431
199721712901.141541
199728273777.575562
199731467167.694061
199733021364.772552
199733777749.366760
199734145853.532227
199734324994.385468
199734412174.317474
199734454600.839111
199734475247.881836
199734485295.845184
199734490185.724426
199734492565.402222
199734493723.481049
199734494287.064392
199734494561.334198
199734494694.808624
199734494759.764496
199734494791.375336
199734494806.759064
199734494814.245605
199734494817.888916
199734494819.661896
199734494820.524811
199734494820.944672
199734494821.149048
199734494821.248596
199734494821.296783
199734494821.320435
199734494821.331940
199734494821.337494
199734494821.340210
199734494821.341583
199734494821.342224
199734494821.342468
199734494821.342651
199734494821.342712
199734494821.342682
199734494821.342682
199734494821.342682
199734494821.342712
199734494821.342773
199734494821.342682
199734494821.342804
199734494821.342712
199734494821.342804
199734494821.342773
199734494821.342773
199734494821.342712
199734494821.342682
199734494821.342743
199734494821.342773
199734494821.342682
199734494821.342773
199734494821.342743
199734494821.342743
199734494821.342743
199734494821.342712
199734494821.342712
199734494821.342743
199734494821.342712
199734494821.342743
199734494821.342712
199734494821.342743
199734494821.342712
199734494821.342621
199734494821.342743
199734494821.342651
199734494821.342712
199734494821.342621
199734494821.342682
199734494821.342621
199734494821.342712
199734494821.342682
199734494821.342682
199734494821.342682
199734494821.342682
199734494821.342712
199734494821.342651
199734494821.342682
199734494821.342682
199734494821.342743
199734494821.342682
199734494821.342743
199734494821.342682
199734494821.342743
199734494821.342651
199734494821.342712
199734494821.342682
199734494821.342773
199734494821.342682
199734494821.342773
199734494821.342682
199734494821.342773
199734494821.342682
199734494821.342773
199734494821.342682
199734494821.342773
199734494821.342682
199734494821.342773
199734494821.342682
199734494821.342773
199734494821.342682
199734494821.342773
199734494821.342682
199734494821.342773
199734494821.342682
199734494821.342773
199734494821.342682
199734494821.342773
199734494821.342682
199734494821.342773
199734494821.342682
199734494821.342773
199734494821.342682
199734494821.342773
199734494821.342682
199734494821.342773
199734494821.342682
199734494821.342773
199734494821.342682
199734494821.342773
199734494821.342682
199734494821.342773
199734494821.342682
199734494821.342773
199734494821.342682
199734494821.342773
199734494821.342682
199734494821.342773
199734494821.342682
199734494821.342773
199734494821.342682
199734494821.342773
