Eigenvalue bounds: [-6.920231, 8.920231]
0.267641
2.762409
3.895016
4.566891
4.965635
5.226618
5.421146
5.583660
5.729979
5.866380
5.994180
6.112371
6.219295
6.313668
6.395028
6.463768
6.520921
6.567882
6.606160
6.637208
6.662333
6.682655
6.699110
6.712459
6.723319
6.732183
6.739443
6.745413
6.750341
6.754426
6.757825
6.760667
6.763051
6.765061
6.766763
6.768209
6.769443
6.770502
6.771413
6.772201
6.772885
6.773481
6.774004
6.774463
6.774868
6.775227
6.775547
6.775832
6.776088
6.776318
6.776526
6.776714
6.776885
6.777041
6.777184
6.777315
6.777435
6.777547
6.777649
6.777745
6.777833
6.777916
6.777993
6.778065
6.778133
6.778197
6.778257
6.778314
6.778368
6.778418
6.778467
6.778513
6.778556
6.778598
6.778638
6.778676
6.778712
6.778747
6.778781
6.778813
6.778844
6.778874
6.778903
6.778931
6.778958
6.778984
6.779010
6.779034
6.779058
6.779082
6.779104
6.779126
6.779147
6.779168
6.779188
6.779208
6.779227
6.779246
6.779265
6.779283
6.779300
6.779317
6.779334
6.779351
6.779367
6.779383
6.779398
6.779413
6.779428
6.779443
6.779457
6.779472
6.779485
6.779499
6.779512
6.779526
6.779539
6.779551
6.779564
6.779576
6.779588
6.779600
6.779612
6.779624
6.779635
6.779646
6.779658
6.779668
6.779679
6.779690
6.779700
6.779711
6.779721
6.779731
6.779741
6.779751
6.779761
6.779770
6.779780
6.779789
6.779799
6.779808
6.779817
6.779826
6.779835
6.779844
6.779853
6.779861
6.779870
6.779878
